%YAML:1.0
img1: !!opencv-matrix
   rows: 1
   cols: 200
   dt: f
   data: [ 4.77765501e-03, 2.57258350e-03, 3.30760749e-03,
       2.94009550e-03, 2.94009550e-03, 5.14516700e-03, 3.30760749e-03,
       7.35023897e-03, 2.94009550e-03, 4.77765501e-03, 6.61521498e-03,
       2.94009550e-03, 5.14516700e-03, 3.30760749e-03, 4.77765501e-03,
       4.77765501e-03, 2.94009550e-03, 1.21278940e-02, 4.41014301e-03,
       5.14516700e-03, 3.30760749e-03, 3.30760749e-03, 2.94009550e-03,
       3.67511949e-03, 4.41014301e-03, 3.67511949e-03, 4.04263148e-03,
       5.14516700e-03, 2.94009550e-03, 5.51267900e-03, 4.41014301e-03,
       4.41014301e-03, 6.24770299e-03, 3.30760749e-03, 2.20507151e-03,
       3.67511949e-03, 6.98272698e-03, 2.13156920e-02, 4.77765501e-03,
       5.88019099e-03, 3.67511949e-03, 2.94009550e-03, 2.94009550e-03,
       8.82028602e-03, 4.41014301e-03, 5.14516700e-03, 4.77765501e-03,
       5.51267900e-03, 3.30760749e-03, 2.20507151e-03, 2.57258350e-03,
       2.13156920e-02, 3.67511949e-03, 6.98272698e-03, 2.94009550e-03,
       8.08526296e-03, 9.18779802e-03, 4.77765501e-03, 1.02903340e-02,
       2.57258350e-03, 5.14516700e-03, 1.10253575e-03, 6.98272698e-03,
       5.88019099e-03, 5.51267900e-03, 4.77765501e-03, 3.30760749e-03,
       1.83755974e-03, 4.41014301e-03, 2.57258350e-03, 2.94009550e-03,
       2.57258350e-03, 4.77765501e-03, 4.77765501e-03, 4.04263148e-03,
       5.14516700e-03, 4.77765501e-03, 1.13928700e-02, 4.41014301e-03,
       5.14516700e-03, 4.04263148e-03, 2.94009550e-03, 6.98272698e-03,
       4.04263148e-03, 3.30760749e-03, 3.30760749e-03, 3.30760749e-03,
       2.94009550e-03, 5.88019099e-03, 6.98272698e-03, 6.98272698e-03,
       5.51267900e-03, 2.94009550e-03, 6.98272698e-03, 2.57258350e-03,
       5.51267900e-03, 5.88019099e-03, 2.94009550e-03, 3.67511949e-03,
       1.17603820e-02, 8.08526296e-03, 9.55531001e-03, 4.77765501e-03,
       3.67511949e-03, 1.72730610e-02, 3.30760749e-03, 1.47004779e-02,
       5.14516700e-03, 5.88019099e-03, 3.67511949e-03, 4.04263148e-03,
       5.14516700e-03, 6.61521498e-03, 4.41014301e-03, 4.41014301e-03,
       5.88019099e-03, 4.41014301e-03, 4.04263148e-03, 6.61521498e-03,
       7.35023897e-03, 6.98272698e-03, 4.04263148e-03, 1.47004775e-03,
       3.30760749e-03, 5.88019099e-03, 2.57258350e-03, 4.04263148e-03,
       4.77765501e-03, 1.35979420e-02, 5.88019099e-03, 4.41014301e-03,
       3.67511949e-03, 1.83755974e-03, 2.57258350e-03, 6.24770299e-03,
       2.57258350e-03, 8.45277496e-03, 7.71775050e-03, 3.30760749e-03,
       3.67511949e-03, 4.41014301e-03, 7.71775050e-03, 4.77765501e-03,
       4.41014301e-03, 4.77765501e-03, 1.83755974e-03, 4.41014301e-03,
       5.51267900e-03, 1.28629180e-02, 5.51267900e-03, 5.88019099e-03,
       2.57258350e-03, 3.30760749e-03, 5.14516700e-03, 2.94009550e-03,
       4.77765501e-03, 5.14516700e-03, 5.14516700e-03, 6.61521498e-03,
       2.94009550e-03, 2.94009550e-03, 2.94009550e-03, 4.77765501e-03,
       2.57258350e-03, 2.57258350e-03, 1.10253575e-03, 1.83755974e-03,
       3.67511949e-03, 5.88019099e-03, 5.88019099e-03, 5.14516700e-03,
       4.77765501e-03, 7.35023897e-03, 2.94009550e-03, 3.30760749e-03,
       2.94009550e-03, 8.45277496e-03, 1.47004775e-03, 5.14516700e-03,
       2.57258350e-03, 1.83755974e-03, 9.18779802e-03, 5.14516700e-03,
       4.04263148e-03, 5.14516700e-03, 4.41014301e-03, 6.24770299e-03,
       3.67511949e-03, 2.94009550e-03, 2.20507151e-03, 4.77765501e-03,
       5.88019099e-03, 4.41014301e-03, 1.69055499e-02, 7.35023874e-04,
       2.94009550e-03, 4.04263148e-03, 3.67511949e-03, 3.30760749e-03,
       2.94009550e-03 ]
Indices:
   - 210
   - 303
   - 343
   - 465
   - 827
   - 1056
   - 1766
   - 1852
   - 2028
   - 2439
   - 2456
   - 2577
   - 2629
   - 891
   - 1224
   - 1444
   - 1861
   - 2475
   - 2543
   - 2691
   - 430
   - 790
   - 875
   - 927
   - 1106
   - 1710
   - 2072
   - 2412
   - 2597
   - 133
   - 393
   - 1009
   - 1522
   - 1623
   - 2295
   - 2627
   - 2660
   - 467
   - 491
   - 703
   - 1637
   - 1809
   - 2579
   - 2590
   - 2628
   - 723
   - 847
   - 852
   - 902
   - 1261
   - 1332
   - 1773
   - 1915
   - 1941
   - 2034
   - 2084
   - 2237
   - 2343
   - 2661
   - 995
   - 1046
   - 1122
   - 1204
   - 1715
   - 1822
   - 2100
   - 2405
   - 2716
   - 29
   - 31
   - 35
   - 37
   - 45
   - 70
   - 71
   - 74
   - 76
   - 81
   - 82
   - 408
   - 450
   - 472
   - 565
   - 1129
   - 1207
   - 1528
   - 2101
   - 2634
   - 531
   - 664
   - 1666
   - 1678
   - 1817
   - 2133
   - 2278
   - 2319
   - 331
   - 743
   - 744
   - 1022
   - 1052
   - 1429
   - 1430
   - 1873
   - 1976
   - 2020
   - 2200
   - 2201
   - 2605
   - 286
   - 609
   - 899
   - 1034
   - 1139
   - 1148
   - 1285
   - 1418
   - 1576
   - 1806
   - 1982
   - 2030
   - 2081
   - 2122
   - 2258
   - 2287
   - 2323
   - 2586
   - 170
   - 414
   - 1530
   - 1726
   - 1749
   - 2159
   - 2245
   - 2381
   - 79
   - 100
   - 342
   - 661
   - 776
   - 792
   - 794
   - 1306
   - 1367
   - 1398
   - 1446
   - 1778
   - 2150
   - 2559
   - 564
   - 683
   - 728
   - 753
   - 801
   - 1358
   - 1796
   - 2248
   - 2391
   - 64
   - 233
   - 305
   - 482
   - 487
   - 960
   - 1059
   - 1093
   - 1128
   - 1258
   - 1661
   - 1804
   - 2016
   - 706
   - 955
   - 977
   - 1101
   - 1354
   - 1990
   - 1997
   - 2023
   - 2059
   - 2137
   - 2160
   - 2163
   - 2707
   - 269
   - 427
   - 1026
   - 1133
   - 1421
   - 1748
   - 2094
   - 2675
   - 124
   - 143
   - 160
   - 258
   - 310
   - 464
   - 477
   - 555
   - 594
   - 836
   - 844
   - 845
   - 945
   - 973
   - 1068
   - 1123
   - 1131
   - 1170
   - 1190
   - 1242
   - 1265
   - 1299
   - 1328
   - 1709
   - 1786
   - 1800
   - 1981
   - 2031
   - 2148
   - 2508
   - 2570
   - 2667
   - 2694
   - 179
   - 255
   - 324
   - 353
   - 446
   - 1055
   - 1163
   - 1759
   - 2046
   - 2260
   - 2408
   - 2432
   - 185
   - 190
   - 215
   - 409
   - 804
   - 968
   - 1037
   - 1510
   - 1687
   - 1711
   - 1900
   - 1949
   - 2430
   - 2526
   - 297
   - 350
   - 1054
   - 1181
   - 2095
   - 2302
   - 2310
   - 2316
   - 2483
   - 153
   - 211
   - 389
   - 901
   - 928
   - 1125
   - 1214
   - 1594
   - 2631
   - 53
   - 428
   - 608
   - 1269
   - 1663
   - 1846
   - 2147
   - 2290
   - 85
   - 895
   - 1206
   - 1517
   - 1738
   - 2380
   - 2606
   - 2697
   - 2700
   - 2705
   - 639
   - 796
   - 830
   - 956
   - 1337
   - 1573
   - 1679
   - 1842
   - 2171
   - 2214
   - 2398
   - 2425
   - 480
   - 576
   - 857
   - 1094
   - 1238
   - 1644
   - 1657
   - 2339
   - 2467
   - 2538
   - 316
   - 527
   - 969
   - 1020
   - 1057
   - 1172
   - 1394
   - 1609
   - 2097
   - 2453
   - 2715
   - 136
   - 384
   - 410
   - 460
   - 704
   - 876
   - 1036
   - 1509
   - 1659
   - 1686
   - 2029
   - 2435
   - 2525
   - 2621
   - 365
   - 443
   - 1450
   - 1608
   - 2043
   - 2119
   - 2276
   - 2568
   - 223
   - 387
   - 1174
   - 1485
   - 1534
   - 1540
   - 1620
   - 1698
   - 1925
   - 1996
   - 2003
   - 2111
   - 2527
   - 2553
   - 2640
   - 7
   - 103
   - 127
   - 271
   - 849
   - 992
   - 1440
   - 1587
   - 1977
   - 2242
   - 2544
   - 2588
   - 207
   - 553
   - 622
   - 1082
   - 1098
   - 1108
   - 1113
   - 1589
   - 1651
   - 2484
   - 2496
   - 2642
   - 563
   - 644
   - 707
   - 710
   - 1322
   - 1355
   - 1381
   - 1400
   - 1775
   - 1851
   - 1921
   - 2188
   - 2196
   - 2275
   - 2514
   - 2664
   - 2665
   - 623
   - 879
   - 903
   - 1229
   - 1231
   - 1315
   - 1853
   - 2522
   - 2683
   - 814
   - 1173
   - 1795
   - 1934
   - 2026
   - 2530
   - 72
   - 306
   - 323
   - 329
   - 523
   - 1676
   - 1818
   - 2064
   - 2114
   - 2663
   - 16
   - 189
   - 214
   - 385
   - 424
   - 612
   - 1010
   - 1027
   - 1114
   - 1124
   - 1336
   - 1392
   - 1471
   - 1840
   - 2054
   - 2108
   - 2272
   - 2309
   - 2500
   - 13
   - 15
   - 24
   - 25
   - 26
   - 27
   - 155
   - 187
   - 192
   - 193
   - 194
   - 201
   - 203
